   2.0000000e+00  -2.1704340e+00   1.5250948e-01   1.1508042e+00   2.1219806e-01   2.3816620e-01   1.8054911e-01  -3.0882643e-01  -1.6839415e-01   4.9032281e-01   1.2521598e+00
   2.0000000e+00   7.9457320e-01  -3.0819757e-01   1.3382265e+00  -1.5295799e+00   1.3110438e+00   8.3864515e-01   9.6076447e-02   3.8352496e-01   1.3079349e-01  -1.3400890e+00
   2.0000000e+00  -1.3595960e-01  -4.2385503e-01   1.6594877e+00  -1.9707605e+00  -1.5735448e+00  -2.4738266e-02   2.0354336e-01  -9.3632447e-01  -1.0652127e+00  -1.0680028e+00
   2.0000000e+00  -5.9533232e-01  -1.2252936e+00   1.3951528e+00   1.6085349e+00   1.1591373e+00  -1.0015632e-01  -1.3417017e-01  -7.6901267e-01   6.3030140e-01   4.9716534e-01
   2.0000000e+00  -1.2995141e+00  -2.1105919e+00   7.5413363e-01  -4.0900432e-01   1.5403607e-01  -2.1005738e+00  -4.2437654e-01  -5.8456628e-02   1.0268750e+00   7.9521329e-01
   2.0000000e+00  -1.1106249e-01  -5.9090809e-01  -1.6314724e-01  -1.1050183e+00  -2.4238393e-01  -1.9960116e-01   1.7679276e+00   1.0153546e+00   1.4689840e+00   1.2411432e+00
   2.0000000e+00   7.0675461e-01   7.8982354e-01  -4.0957233e-01   1.5096360e+00  -1.7062403e-01  -1.2098664e+00  -7.6707554e-01  -1.7340063e+00  -1.0638285e+00  -1.9309185e-02
   2.0000000e+00   1.4082336e+00  -8.9926814e-01  -1.4177757e+00   1.4455217e+00  -1.3608039e+00   6.7722655e-01   1.6353226e+00   3.5231702e-01   1.0802391e-01  -6.9107516e-01
   2.0000000e+00   1.4742608e+00  -3.4412042e-01  -8.1125473e-02  -1.2150548e+00   9.6379801e-01   8.9235593e-02  -1.0216128e+00   6.2405080e-01  -9.7402667e-01  -6.1010183e-01
   2.0000000e+00  -8.5592657e-01   5.9935031e-01  -2.1372045e-01  -5.0581359e-01  -1.5804680e-01   3.7571335e-01  -1.6987239e+00  -5.0006539e-01   1.1937896e+00   1.7504430e-01
   2.0000000e+00  -2.0892878e-01   8.8814100e-01   2.5643542e-01   8.3155610e-01  -9.8968955e-01  -9.8907991e-01  -3.8857115e-01  -7.8974572e-01  -3.5780418e-01  -9.9217609e-01
   1.0000000e+00   3.0961935e-01   1.5849439e-03   2.3124063e-01  -1.2767119e+00  -1.0810209e+00  -2.1054967e-01   8.9096595e-01  -2.4559550e-01  -1.3137939e+00   2.3361079e-01
   2.0000000e+00  -5.6484304e-01  -1.7995209e+00   2.6027787e-01  -6.2233663e-01   9.3825701e-01  -1.1633312e+00  -5.0938184e-01  -1.9490146e-01   5.8005396e-01  -3.3842786e-01
   2.0000000e+00  -5.0414500e-01  -2.0470374e-01  -4.0709873e-01   1.6807056e-01   4.2503174e-02  -1.7648844e-01  -2.1227024e+00   1.5264778e+00  -1.4541294e+00   5.0351821e-01
   2.0000000e+00  -5.9346730e-01  -5.9929971e-01  -1.7785016e-01   1.1502325e+00  -7.4466367e-02  -3.0732893e-01  -6.2848720e-01  -6.6044478e-01   4.9150419e-01   2.5222790e-01
   2.0000000e+00  -1.9639913e+00  -2.9276497e-01  -3.6244779e-01   1.7765654e+00   1.8784130e+00   4.1129597e-01   2.3286641e-01  -1.3955102e+00   5.1935469e-01  -1.1733912e-01
   2.0000000e+00  -3.3012805e-01  -5.2946590e-01  -5.0493934e-01  -1.1990348e+00   9.8705323e-01  -4.4565768e-01   3.1120296e-01   6.9682098e-01   9.4212144e-01   1.3632899e+00
   2.0000000e+00  -1.4403404e+00   1.2412380e+00   9.9036529e-01   8.6733215e-01   4.8486962e-01  -5.6530724e-01  -1.0437439e+00  -2.4838786e+00  -7.3932082e-01   5.7932112e-01
   2.0000000e+00   2.6904760e-01   5.1615757e-01   1.4920018e+00   2.4288205e-01  -8.9020021e-01  -9.3907491e-01  -1.2872490e+00   1.5690210e-01  -1.6398911e-01  -6.3552147e-01
   2.0000000e+00  -1.1699479e+00   1.7474966e+00  -9.2115489e-01   6.0621721e-01   1.4327496e-01   9.4513347e-01   9.0382882e-01   1.8157114e+00   1.9192523e+00  -1.5272841e+00
   2.0000000e+00  -1.2307036e+00  -7.0467530e-01   1.6594357e-01  -1.1412686e+00  -1.7699243e-01   7.5890957e-01  -4.1559630e-01  -1.3411372e+00   6.5750947e-01  -2.0788240e+00
   2.0000000e+00   1.0584281e-01  -5.4829051e-01   5.1813981e-01  -8.2187620e-02   1.3161282e-01   5.0488142e-01  -9.0887994e-01   5.7217016e-01  -1.5945496e+00   1.0305709e+00
   2.0000000e+00  -5.6266582e-01  -5.7432791e-01   5.4223431e-01   1.6050293e-01   3.1017448e-01   1.2116662e+00   3.6835370e-02   1.4644948e+00   1.1162357e+00   8.8582611e-01
   1.0000000e+00   2.5899199e-01   2.9331386e-02  -2.7014742e-01  -7.1864946e-01   6.8346812e-01  -1.8946263e+00   6.5576249e-01  -1.0318044e-01  -8.2426810e-01  -1.3916327e-01
   2.0000000e+00  -5.1640718e-01  -1.3565998e+00   4.4444196e-01   3.0850270e-01  -1.4077582e+00  -1.2795227e+00   1.1241460e+00   7.5854429e-01  -2.7667155e+00   2.8126127e-02
   2.0000000e+00   4.5794164e-01  -1.0440851e-01   2.1175021e+00  -3.0514222e-01  -4.3667672e-01   1.0588428e+00   3.3624460e-01   6.4218764e-01  -4.2842851e-01   1.6851888e-01
   2.0000000e+00  -1.0648479e-01   1.3125750e+00   5.7992509e-01   1.3954090e+00  -1.2980767e+00  -6.8524349e-01   6.6835812e-01   1.7379170e+00   5.5740487e-01   3.9725270e-02
   2.0000000e+00  -4.6919088e-01  -2.2435327e+00   1.5512085e-01  -1.0395743e+00  -4.9738802e-01  -3.0004929e+00  -1.7621787e-02   4.4779726e-01   1.2535500e+00   1.5816808e+00
   2.0000000e+00   3.1831741e-01   5.6958471e-01   6.9614753e-01   1.7259889e-01  -1.0975681e+00  -1.5959686e+00   1.2363030e+00  -1.5344787e-01   6.3996103e-01   2.2581709e-01
   2.0000000e+00   3.5918802e+00   6.6694624e-01  -7.4632712e-01   1.1892943e-01   5.8714282e-01  -4.3196077e-01   1.0232069e+00   8.8284461e-01  -9.4048901e-01   1.5583011e+00
   2.0000000e+00  -1.3228127e-01  -1.3222251e+00  -3.8633956e-01   8.2121851e-01  -6.6586157e-01   5.8377906e-01   5.3697524e-02  -4.9966803e-01   6.8001802e-01  -1.2475096e+00
   2.0000000e+00  -1.1387114e+00   1.4131210e+00  -1.8632111e+00  -2.5152495e+00  -1.5817683e+00  -2.8204327e-01  -1.0407569e+00  -7.7675214e-01  -1.3750874e+00   1.4531702e-01
   2.0000000e+00  -2.2125849e+00   9.3972244e-01  -1.7733428e+00   4.7829477e-01   2.5323518e-01   3.5173218e-01   1.5879766e-02  -3.4152980e-01   6.8280858e-02   1.5381896e+00
   2.0000000e+00   1.5489812e+00   2.1472393e+00  -3.1191019e-01   4.6330754e-01  -1.1444181e+00  -1.5240403e+00  -1.0580540e+00  -1.7727493e+00   1.3328958e+00  -5.7254611e-02
   2.0000000e+00   2.0580717e+00   1.2261555e+00   4.2458819e-01   1.5789080e+00  -7.9392603e-01   7.1847854e-01   5.9269235e-01  -6.5280470e-01   1.8309974e-01  -2.4647902e-01
   2.0000000e+00   1.1504736e+00   1.1786351e+00   2.3985646e-01   2.4916624e-01  -6.2007610e-01   8.4090282e-01   4.5907583e-01  -7.0221577e-01   2.2273422e-01  -2.9330362e+00
   2.0000000e+00  -5.2327045e-01  -5.1782945e-01   6.0562205e-01  -3.5229960e-01  -1.3985357e-01   8.6931261e-01  -1.0641712e+00  -1.1466265e+00   1.6808540e+00  -1.4082933e+00
   2.0000000e+00  -6.8647742e-01  -1.7144579e+00   7.7382822e-01   5.2341953e-01   1.7650737e+00  -6.7018395e-01  -6.5158750e-01  -5.2052684e-01  -1.4475055e-01   1.2091763e+00
   2.0000000e+00   1.8289533e+00  -2.8682791e-01   6.3650255e-01   1.4269506e+00  -2.9228611e-02  -1.0539210e+00  -3.8201189e-01   1.6763672e+00   8.7878913e-01  -1.7185041e+00
   2.0000000e+00  -1.6639394e+00   1.0203845e+00   1.6682277e+00  -7.0215192e-01   1.0708920e-01   1.4492292e+00   2.5859631e-01  -4.8939461e-01  -9.5878004e-01   1.0525394e+00
   1.0000000e+00   1.8458669e+00   6.2398273e-01  -1.3484768e+00   1.1158158e+00   1.3897630e+00  -1.2380008e+00  -6.6342714e-02  -2.3607927e+00  -5.6436430e-01   3.1439080e-01
   2.0000000e+00   3.6552533e-01   2.2605961e-01  -2.4902208e+00   6.0305063e-01   1.8221306e+00   3.5762975e-01  -1.4990687e+00  -5.8873061e-02  -1.4258567e+00  -5.3982188e-01
   2.0000000e+00  -7.3957328e-01   2.7862501e-01   1.1452820e+00   3.5470173e-01   1.3076904e+00  -9.7118288e-01  -1.4935228e+00  -3.4033687e-01  -6.2288356e-01   2.9202468e-01
   2.0000000e+00  -1.5453829e+00  -6.9262678e-01   1.0911513e-01  -1.4643254e-01  -8.7996213e-01   8.3268304e-01  -7.1155437e-02   3.8360187e-01  -3.0943124e-01  -1.9190782e+00
   2.0000000e+00   2.7705502e-02  -5.3920977e-01  -1.5905219e+00   1.7104564e+00  -5.2961957e-01  -7.3883478e-01   3.0974423e-01  -1.3841019e+00  -8.4527841e-01   2.4718360e-01
   1.0000000e+00   9.0909914e-02   9.8896505e-02   7.3925717e-01  -2.6629584e-01   3.3845252e-01   1.1132422e+00   3.5410678e-01  -2.2176924e-01  -4.9193404e-01  -1.0083790e+00
   2.0000000e+00   1.1243203e+00   1.5107038e+00  -1.5308601e+00  -1.1762868e+00  -1.6208443e+00   1.9430370e-01  -1.2032668e+00  -7.9949655e-01  -7.2855948e-01  -9.0772772e-02
   2.0000000e+00  -6.7683732e-01  -3.8214611e-01   8.7676142e-01   2.8261629e-01  -2.8842803e-01  -4.8256751e-01  -7.9118281e-01   4.6375413e-01  -1.0028263e+00   2.1800099e-01
   2.0000000e+00  -4.7810183e-01  -6.9730189e-01   1.0874366e-01  -6.0356638e-01   1.4736011e+00  -1.8788775e+00  -4.9901580e-01  -9.6483435e-01  -7.4612730e-01  -1.4541831e+00
   2.0000000e+00  -2.3789266e+00   1.9535005e-01   1.0218416e+00  -4.4210454e-01   7.5803406e-01   1.9688102e+00  -2.0527976e-01  -3.2224236e-01  -8.8608716e-01  -1.0380281e+00
   2.0000000e+00  -2.6236387e-01   4.9142523e-01   1.1100200e+00   8.5060805e-01  -1.5420194e+00  -4.0112419e-01   8.9435033e-01  -2.3103859e-01   2.0650322e-01  -5.9573299e-01
   2.0000000e+00  -7.0371241e-01   1.6889939e+00   1.3566661e-01  -1.1537664e-01  -8.1989184e-01   3.0093574e-01   1.8170235e+00  -1.6761892e+00  -8.4323474e-01   9.9803629e-01
   2.0000000e+00  -4.2322764e-01   2.3074336e-01   2.2766570e+00  -6.7501518e-01  -1.9842999e-01  -9.4474957e-01   1.4090525e+00  -2.1125446e-01   4.0448628e-01  -5.6314454e-01
   2.0000000e+00  -7.8572729e-01   1.2756638e+00  -1.2720517e+00  -3.4121180e-01   1.5200905e+00  -8.1721888e-01   1.1644418e+00   1.4096629e+00  -1.4028025e-01   1.2291837e+00
   1.0000000e+00  -7.6914303e-01   5.5708895e-01   1.7427766e+00   3.2575594e-01   8.8035067e-01  -4.3214129e-01   3.6679339e-01  -5.0047211e-01   6.4993672e-01   5.7078792e-01
   2.0000000e+00   1.2152036e-01  -1.2641569e+00  -1.0320640e+00  -4.6484171e-01  -3.4029194e-01   1.1850258e-01  -1.2539602e+00   8.8198671e-01  -4.5051656e-01  -9.9432094e-01
   1.0000000e+00   2.5062509e-01   6.5553204e-01   1.4759799e+00   1.1526785e+00  -4.8530952e-02   1.5180648e-01   2.5439686e-01   8.4750517e-01   1.6575089e-01   2.0393024e-01
   2.0000000e+00  -9.0078708e-02   4.0386769e-01   1.1719630e-01   2.8868667e+00  -6.7446952e-01   8.7685565e-01   8.8594073e-01   9.4479955e-01   3.8177000e-01   1.5436510e+00
   1.0000000e+00   4.7700225e-02   6.2157091e-01  -3.9871162e-01   1.8781294e-01  -4.5469461e-01  -1.1962965e+00   3.3621482e-01   7.3625917e-01  -8.8176600e-01   9.5239833e-01
   2.0000000e+00  -7.8940679e-01  -7.8073608e-01   1.3656155e+00   7.9342073e-01  -7.0053248e-01   1.1719077e+00  -6.6484136e-01   9.3158362e-01  -9.9153069e-01  -2.6915426e-01
   2.0000000e+00   2.7584645e-02  -1.9775589e-02   6.1241077e-01  -7.4577406e-01   4.1478241e-01  -1.3848964e+00  -1.7683329e+00  -1.2245587e+00   1.0962524e-02   9.6049204e-01
   1.0000000e+00  -6.5851106e-01   5.8587415e-01   1.8040442e+00   1.2310969e+00   1.8630259e+00  -1.1033425e+00   5.7268104e-01   1.1938391e+00  -3.8238164e-01  -1.2242119e+00
   2.0000000e+00   1.9823436e+00   2.8271544e-01  -1.6285960e-01  -1.3956284e+00  -7.9175653e-01   3.8128285e-01   2.2004687e-01  -1.8351835e+00   1.7146830e-01   6.6099298e-01
   1.0000000e+00   9.3062077e-01   1.7060166e-01   1.0671563e+00  -2.0608025e-01   4.5764151e-01  -4.0102030e-01   3.9539783e-02   8.0581911e-01   1.3641284e+00  -3.6392466e-01
   1.0000000e+00   4.7267810e-01   3.4714327e-01  -1.5299156e-01  -6.8666005e-01  -4.8368702e-01  -7.6706960e-01   3.4269818e-01   5.6673107e-01  -7.8299098e-01  -1.2411129e+00
   1.0000000e+00  -6.9933873e-01   4.6497148e-01   1.4640530e+00  -1.2815619e+00  -1.7601576e-01  -9.2287644e-01   5.7722682e-01   4.1630095e-01   1.2394507e+00  -1.6087856e+00
   2.0000000e+00   7.6573558e-01   2.0851201e-01   4.6347066e-01   8.1315839e-01   1.6345355e+00   1.8538724e-02   2.6854413e+00  -1.9110092e-01   6.7460627e-01   2.8548231e-01
   2.0000000e+00   8.9101406e-01  -1.7880690e+00   1.4064116e+00   3.0024538e-01  -9.9147911e-02   1.2020453e+00   3.8739603e-01  -1.3527272e+00  -8.6036647e-01   2.7007859e-01
   2.0000000e+00  -3.6091862e-01   9.3659931e-01   1.6681119e+00  -3.4723370e-02   7.9659604e-02  -1.3315825e+00  -9.0881744e-01  -1.0572849e+00   1.4902601e+00   6.9443577e-02
   2.0000000e+00  -1.7582360e-01  -6.6726511e-01  -4.6251144e-01   8.5790457e-01  -1.7498583e+00   1.8301186e-01   4.7542469e-02   4.7341482e-01  -1.2653996e+00   3.4936927e-01
   2.0000000e+00   1.3242056e+00   8.4015730e-01   1.2720826e+00   3.0409287e-01   5.0298852e-01   1.4404588e+00   9.3930096e-01   1.2016151e+00  -5.2838098e-01  -1.3035869e+00
   2.0000000e+00  -6.9815797e-01   1.3167005e+00  -7.3805716e-01  -7.6493635e-01  -2.6442266e-01   5.9389571e-01  -6.3909385e-01   7.0085760e-02  -9.6343060e-01   1.4034249e+00
   2.0000000e+00  -7.2503498e-01  -9.7967605e-01   1.4313827e+00  -2.7715569e-01  -2.9839366e-01  -1.5469861e+00  -1.4607795e+00   7.2633483e-01  -1.2063327e+00  -1.8888884e+00
   2.0000000e+00  -1.1580581e-01  -6.0006113e-01  -1.7534614e-02  -1.8554885e+00   1.9687024e-01  -1.6208833e+00  -7.3032467e-01  -1.1438691e+00   2.5550341e+00  -1.7770364e+00
   2.0000000e+00   1.8442377e-02  -3.1000525e-01   1.9229966e+00   1.2817950e-01  -1.0259743e+00  -2.9177255e-01  -4.2827890e-01  -6.0221939e-01  -3.8736776e-01  -7.8680120e-01
   2.0000000e+00   1.7061598e-01  -1.2883199e+00   1.7025551e+00  -4.5814948e-01   1.2074403e+00   1.1596543e+00   5.7253549e-01   2.7527837e-01   1.1645875e+00   1.1389579e-01
   2.0000000e+00   4.6872596e-01   1.1782026e+00   5.5834569e-01   8.7231958e-01  -7.4562850e-01   7.5461001e-01   6.9201682e-01   1.3709247e+00  -1.8210745e-01   1.0622138e+00
   2.0000000e+00   1.4665794e+00  -1.0466525e+00  -7.8861986e-04  -7.4851394e-01   1.3439892e-02   7.3725966e-01  -7.7056314e-01   1.6443803e+00   3.9862619e-02   3.0334418e-01
   2.0000000e+00   1.3884380e+00  -7.6517590e-01   4.0963276e-01  -9.9627582e-01  -5.1526238e-01  -1.9608218e+00  -5.0634279e-01   1.1513540e+00   1.0426204e+00  -7.2352646e-01
   1.0000000e+00  -9.5617662e-02   5.3607318e-01  -5.8089582e-01   1.0358143e+00   5.9915728e-02   5.9663012e-01   2.1337340e-01  -8.8288889e-01  -3.5214946e-01   1.1472054e+00
   2.0000000e+00   1.9741045e-01  -5.8022591e-01  -7.3137410e-02   3.6450015e-02   1.0554237e+00  -5.4891293e-01  -3.1546563e-01  -2.4209612e+00   5.9690966e-01  -4.4852621e-01
   2.0000000e+00  -1.5754612e+00  -1.9379710e+00   2.4554282e-02  -1.2836863e+00   1.1391980e-01   1.0420025e+00  -9.0680183e-01   5.2213374e-01   4.4178221e-01   1.3070855e+00
   1.0000000e+00  -3.1527634e-01   3.0790521e-01   1.9286786e+00  -4.3128912e-01   5.8394583e-01   6.1619069e-01  -7.2151895e-01  -9.9211304e-01  -6.6699282e-01   6.0371201e-01
   2.0000000e+00  -1.1173572e+00  -1.3977778e+00   1.6563451e-02   1.3928762e+00  -1.0862885e+00  -1.3249861e+00  -1.6219243e+00  -1.4202493e+00  -9.6350281e-02  -1.0766396e-01
   2.0000000e+00   1.6174989e-01   1.3393037e+00  -1.0892842e-01  -1.2558455e+00   1.2856613e+00   2.7835006e-01   1.2202996e+00  -1.9902406e+00  -7.7457080e-02  -1.1521428e+00
   2.0000000e+00   6.5628484e-01   9.3904170e-01   3.4011123e-02   8.1295258e-01   4.9761034e-01   6.5412843e-01  -4.9791607e-01  -8.0287910e-01   1.9085472e-02   4.4652657e-01
   2.0000000e+00   2.8261220e-01   1.3106443e+00  -2.2557661e+00  -5.0696934e-02   9.5339684e-01   5.7810496e-01  -1.0349480e+00   2.7634348e-01  -8.3885630e-01  -8.8160142e-01
   2.0000000e+00  -1.6352642e-01   8.4560595e-01   7.8780082e-02   3.7216116e-01   2.1856087e+00   1.0640273e+00   1.4406084e+00  -4.3735795e-01  -9.3288354e-02   6.1045760e-01
   2.0000000e+00  -3.8172296e-01   1.3161528e+00   9.5467885e-01  -6.6976322e-02  -2.1777682e-01  -3.9052520e-01  -1.2136079e-01  -6.6811917e-02   2.1088067e-01   1.4835602e+00
   2.0000000e+00  -4.6294658e-01   1.9365397e+00   2.7939709e-01   4.8346616e-01  -3.9490407e-01  -4.4915238e-01  -5.9592955e-01   1.0703446e+00  -1.8279520e-01   1.4373837e-01
   2.0000000e+00  -1.9477516e-01  -1.6434935e+00   1.5462522e-01  -7.8782751e-01  -3.0997684e-01  -6.3757705e-01  -1.2170434e-01   7.2595284e-01   4.0346954e-01   8.3705310e-01
   1.0000000e+00  -1.6965695e+00   1.3909036e-01  -1.0985882e+00  -2.3378665e+00  -4.9459097e-01  -2.1006209e+00  -9.5569633e-02   8.8020001e-01  -1.1384582e+00  -5.7844111e-01
   2.0000000e+00   2.1741452e+00   5.9518576e-01  -4.8906164e-01  -3.9457014e-01   8.8321234e-01   1.4925866e-01   7.4712269e-01   1.4321574e+00   3.8963783e-02  -1.6167872e-01
   2.0000000e+00  -2.7334134e-02  -4.8498542e-01   5.1585746e-01  -1.7031799e-01  -9.0394568e-01  -6.7698538e-02   1.1872366e+00   9.3675525e-01   4.8705988e-01  -1.7391677e+00
   2.0000000e+00  -2.2280765e+00  -2.6062341e-01   1.4299982e+00   3.4675937e-01  -5.2254245e-01  -4.7429568e-01  -1.5976713e+00   1.0875176e+00  -2.4530019e-01   1.9837655e+00
   2.0000000e+00   9.4089981e-02  -8.0413851e-01  -1.5034469e+00  -3.5155634e-01  -9.4037434e-01  -9.4429107e-01  -7.2647203e-01   1.1961938e+00  -2.3584087e-02   7.1255209e-01
   2.0000000e+00  -1.2508457e+00   7.9743909e-01   4.3573178e-02  -1.2268667e+00  -1.3994007e+00   1.2882961e+00  -2.2711936e+00   4.0080425e-01   1.6363237e+00   1.4882093e+00
   2.0000000e+00  -1.2362721e+00   1.1439036e-01  -1.5465730e+00   5.9080543e-01   2.1388751e+00   3.9047114e-01  -2.1722367e+00   1.0296440e+00  -6.3816873e-01  -7.4823516e-02
   2.0000000e+00  -5.2286367e-02  -1.2336622e+00  -1.3974197e+00  -1.0491594e+00  -1.4908778e+00   1.2927349e+00  -1.2424447e+00  -9.1661062e-01   7.5507635e-01  -5.0933514e-03
   1.0000000e+00  -1.3360716e+00   3.6246074e-01  -7.7264283e-01   3.3158668e-01  -3.7908890e-01   7.8818069e-01   9.6049165e-02   1.1085352e-01   1.7353600e+00   7.1245260e-01
